85356291270936062618792023759228973612931947845
-310632061554765693745254744307868843
9206892664950487172722610615949091771159776736563
31293908850963856115984810304444763175
817857418597538831896433386048889776430309
-3059469224775481289368021051108506
-45862847240629908131103403919693
1566400462675698728299602761321599149107
7048042961042220552902838040919625449
7050294351743146942264128892888683833380476890
-49033373265265879604104870862479392830178915492
1994593570819978253490201962120731
4567740647485826066462896070101377264520
-7994510378860467609759785338379378741909
-88437138097993243712202175174171117
-1851662196480810229756463797491706085394
61554983852227034636334439725890247657133385
376350804113593415083565990763761506508122691042
132803700349274252443860892231
-5224517571698133379867048481685219
3649908931489677371221509040137411303217
54221724165785927364797221630215650
-46602589506083782105855073823077769119089880
7692177976271588456568488387524505732721
8419574122162022974356140312779810760102519713120
-7492445912896064094546639952130991345
-13389553860336187051103004542499949816393346156
929281247863772372537681364035850998024901
-263908387310050318017910359484
-390303379499194206595611437273392444993832
3394955739072729050417936212539188
42791963684667274100644373472179568
421599162105321976820643369048512973809231874
385501264856252691331526944607437
3226903558717060413029609354364319109456
-3177411913874931387938840086823850592685283678726
-7703723517894164354873350145707899394645556062699
-955386736026930876524006854946832362
-4049654642516137712108901348582206361
-2420033904334245381131581339754496721
-877639104118643477074530729930279
80835965630207473016757889078031
-2732215338285808693374371396420295746491231813
-54510013300022247985478600643758
830264386708198164850159706289502728177
788980520243730015800047531420130048220
-88408425427575228660091269482827867
2454223965743944060228431119000257691987651148576
-2436769760907668776653769726407
7128015207164953511007081641498622523273
55069792899893636044966419804905501602884
4449175762425505297768120328746380497975137
-352132733238616091915094968246534747140
-934615546696756430025385056673408
-3535114011857851609124901443251
6069680867544605539150496743096604582868534017
389783972502480626566341713082
80816788213893541227791404787680861452593
-5350593462532000980967214484984419
-693638950171982675939979735041
84364227618511306447538273537480016458312
-15463120651944681081298868202498156
-963574240272016194996942023689286735359597990521
-763694840844824277993984080590
12876848983707196301486666178296594378
-57604912224602398686972688988168048442
45547057643537328308669719371235702607371847
-8639697560527663243604363749429382454322474161687
-3695160222273610072310748018734713442464984257274
-160040320869923548107249923667746960995173085
-8462386270767431247558077377932078207146112887101
-5076933649846997801435943855283182705261178867749
-971620482233272454168048835247475657697032
4525151158933678625100082887015080715133
423609070200040811993991264793287560469689685987
-258780528572579173969987736528406496659628875702
-8381376149201863420594491993412
960141535773320747681893727064702916382859
-847716554681051891810973912626650
2198776873254357565958331996171402580169705
299960643054145851996790597668189295462767
18680786696185966175563025982386166134096
-3423050728023543071887422121726360887089984268
198364715944200008171990934731782531212926469
-340951072332871619121460736522439646746
-3678752674711806660905870466006265241420103404062
-375190062024999503704948900822562181307721
-7363866352372656802232482385728
-7353908165522125658899347011018753066
78543968518529076007327071337639
-298175380773465558939664150766816825373551817
-24773337789646454209775446565149
61700610258632031926674131491110212573501586719
-3980315777098031489051301992007397649338037
6221327459649041790556610415243
562757453863471398174298552207156321088564923
-728262160892885548989764535769511559066277
-513292000875145040377877431307178610830029654
250728425738911997096628816579
8557491994905117828680584151109566
